

  -0.173701   0.646261  -0.161367   0.238219  -0.602863   0.325489
   0.208744  -0.445926  -0.034874  -0.556000  -0.524640   0.414701
   0.358842   0.066719  -0.715326   0.055648   0.412051   0.426857
  -0.461536   0.275689   0.292509  -0.458522   0.428733   0.481003
  -0.541986  -0.550149  -0.080025   0.521111  -0.015066   0.354118
   0.539187   0.019411   0.607526   0.386290   0.086513   0.427912



  -0.173701   0.208744   0.358842  -0.461536  -0.541986   0.539187
   0.646261  -0.445926   0.066719   0.275689  -0.550149   0.019411
  -0.161367  -0.034874  -0.715326   0.292509  -0.080025   0.607526
   0.238219  -0.556000   0.055648  -0.458522   0.521111   0.386290
  -0.602863  -0.524640   0.412051   0.428733  -0.015066   0.086513
   0.325489   0.414701   0.426857   0.481003   0.354118   0.427912
